0
0
0
983
0
996
-55
0
0
999
983
-55
-103
999
1000
0
987
993
998
992
967
961
969
987
986
-1011
985
948
1000
960
989
968
956
989
0
0
0
979
995
968
0
0
0
959
0
973
989
-1011
-60
993
989
1000
998
1000
998
981
0
0
972
989
963
989
982
1000
987
980
989
1000
-32
983
976
936
0
0
981
982
988
966
973
975
0
-32
1000
0
985
0
993
964
-42
-32
-32
0
946
993
0
987
997
0
984
950
982
983
982
0
0
-43
964
986
958
988
1000
999
991
0
-83
1000
988
993
996
998
-43
0
991
0
974
0
-60
958
0
1000
989
0
985
0
0
970
0
964
985
979
969
0
0
0
991
948
987
967
971
0
-42
-1011
985
974
0
981
-37
987
970
0
989
951
992
999
989
957
1000
0
968
-40
984
968
988
0
1000
957
0
0
968
966
961
973
0
0
970
984
993
971
-40
-39
0
989
0
-52
939
-31
1000
987
952
-51
998
981
0
0
-49
980
994
976
999
993
971
0
-40
0
974
973
993
980
0
-1011
993
0
-41
1000
-44
964
-47
972
977
981
993
992
1000
969
0
-56
983
0
-1023
962
998
0
999
964
0
-62
993
971
975
0
962
979
0
0
978
1000
970
987
-95
-1022
970
999
-35
967
973
-39
-53
954
998
0
992
997
958
0
971
987
970
1000
973
946
998
-116
0
-35
957
994
968
1000
0
-126
0
989
972
-35
996
972
0
1000
0
0
-43
991
970
980
957
1000
977
-1035
969
996
0
970
974
0
-38
0
1000
0
982
982
966
967
973
983
987
997
994
1000
971
968
-1022
998
984
975
0
974
996
0
970
959
986
-65
0
1000
987
0
0
993
987
0
0
0
0
979
997
0
0
1000
976
993
0
952
993
963
0
-36
-41
971
-1035
947
0
985
988
986
992
0
998
973
979
967
966
968
1000
0
999
998
965
0
962
0
0
-44
-1011
0
-66
997
987
959
0
0
-1022
969
0
993
976
979
0
978
1000
975
975
993
994
981
989
978
1000
973
1000
971
-77
988
998
-37
965
951
984
0
0
0
999
969
957
970
-32
987
-102
977
0
993
0
950
978
989
988
968
998
967
-100
983
-42
987
970
1000
1000
-50
950
0
0
959
974
-41
-96
984
1000
952
980
-48
979
992
998
979
976
970
-48
999
1000
973
0
0
-35
997
-1012
0
-32
969
0
-35
0
974
994
976
976
0
1000
988
973
998
969
998
952
997
983
-35
0
994
-130
958
1000
0
969
997
966
0
976
926
992
0
-1011
968
998
985
-78
982
992
-38
993
0
983
0
976
983
979
972
973
983
-44
1000
993
986
0
1000
998
993
0
969
959
0
992
0
0
0
944
989
988
976
-1011
994
992
994
982
1000
997
963
997
-41
998
-82
969
0
0
-40
0
969
0
1000
977
987
975
973
-32
983
966
964
1000
970
-1011
994
997
978
1000
984
981
1000
992
998
-40
984
975
999
0
967
998
964
980
-51
977
997
0
-58
1000
1000
977
-1012
998
0
0
-103
988
-70
947
-1013
996
994
968
978
-35
998
0
971
0
0
952
977
974
974
975
997
960
963
980
975
-49
985
958
988
993
-58
0
-1011
980
0
971
0
984
985
0
980
986
0
0
-48
-1012
971
996
0
998
0
0
1000
979
998
989
988
0
970
-1011
985
989
0
974
998
-46
0
0
1000
968
-61
0
0
-32
0
983
969
998
979
0
1000
0
975
0
990
0
0
0
1000
1000
974
-1022
0
0
0
-63
1000
988
-55
988
0
988
991
993
983
997
991
-130
999
973
0
997
-81
-43
970
951
948
997
974
999
974
1000
980
0
988
0
982
0
968
946
0
0
965
976
0
993
985
0
-42
-55
993
-47
-71
984
978
967
976
975
997
974
961
992
0
965
955
0
968
988
0
1000
929
-1012
1000
963
1000
0
-32
998
975
984
975
0
972
1000
0
998
0
997
0
991
974
0
972
1000
970
0
974
969
0
0
0
-101
-1031
-35
0
966
0
975
0
987
953
-32
0
0
-57
0
988
1000
987
967
0
957
959
970
0
992
0
974
0
992
987
975
0
996
0
980
983
992
0
997
965
0
0
985
0
973
958
0
0
1000
0
0
985
0
998
992
990
956
-40
962
997
964
0
987
0
0
996
958
0
998
-1012
-1041
0
0
971
0
995
957
986
0
0
965
0
-29
979
968
967
965
968
973
993
965
0
965
989
961
987
972
967
970
964
963
-34
965
1000
982
973
-40
-54
962
0
1000
997
-122
956
1000
0
0
0
974
0
965
-35
988
-50
-99
1000
999
967
986
1000
-38
-108
990
980
975
0
0
-39
993
997
0
-43
965
981
983
-1011
1000
981
997
970
973
0
0
-71
974
-47
0
965
0
988
-43
0
1000
0
966
990
0
0
971
974
974
985
-117
970
0
981
0
997
997
964
992
0
0
1000
974
0
0
988
1000
978
-55
991
0
0
0
975
943
0
0
0
969
973
0
0
967
961
983
994
0
0
989
-45
1000
0
974
977
0
962
0
-1012
982
993
0
-39
933
0
968
0
0
986
996
992
983
0
1000
977
997
977
0
979
0
968
980
971
966
-62
0
0
935
-50
0
0
0
998
0
-32
0
972
957
0
0
0
964
1000
1000
989
959
0
973
997
0
999
0
-1012
-113
994
978
952
993
0
0
963
966
-35
1000
-1036
1000
0
983
992
991
996
0
969
969
0
982
-48
964
-1030
0
998
963
-47
999
986
0
1000
0
0
-85
973
998
997
988
0
0
978
1000
0
0
-53
0
966
0
-37
0
968
983
-35
-56
997
0
0
-36
0
992
964
-1011
979
-92
974
997
-44
986
967
961
-36
0
959
976
-80
996
985
974
999
990
0
972
0
964
-32
0
963
985
0
-40
1000
0
999
998
998
965
1000
983
0
1000
-47
969
980
962
989
-54
963
994
993
0
999
0
0
995
979
1000
0
-38
929
0
974
970
967
0
968
997
989
-35
972
-52
983
988
980
-65
997
1000
0
0
961
992
-133
999
0
0
971
-35
996
0
-49
0
966
981
966
-61
969
987
994
0
949
978
0
979
987
949
927
974
-1012
-53
965
988
987
960
0
992
-45
-54
0
0
973
0
0
996
0
967
970
974
0
0
1000
1000
999
0
-38
998
968
0
955
976
0
-32
0
0
975
957
-44
-38
-75
-1011
0
978
-116
991
1000
0
0
969
998
999
976
993
958
994
0
985
965
-45
993
964
975
992
953
0
1000
959
966
997
0
985
-42
0
0
0
974
977
0
1000
961
0
966
0
994
964
-43
976
969
-51
0
0
945
972
984
967
-32
998
0
1000
0
0
968
970
1000
1000
1000
0
-39
985
999
980
977
0
949
970
0
-1012
972
993
998
979
-53
988
972
959
984
0
964
0
0
989
0
999
-41
0
-1044
993
998
-1013
-41
978
973
0
994
-1012
-1040
961
995
0
984
973
998
961
998
0
-1041
978
999
0
971
986
1000
0
0
972
0
962
1000
961
992
997
957
0
964
0
0
989
-52
0
0
975
997
-1012
952
0
0
0
997
1000
968
-38
997
-43
0
972
994
972
968
986
975
959
0
967
990
0
951
998
0
0
976
1000
998
988
990
1000
0
-43
1000
986
1000
991
993
965
996
999
0
977
0
-34
0
-70
0
0
0
0
977
929
0
-46
0
967
-51
-58
0
982
0
0
987
-36
1000
979
976
980
998
0
0
971
992
0
986
957
-113
0
985
978
996
-38
979
0
0
998
963
0
-32
-1011
0
0
990
973
994
979
1000
959
-39
0
0
-43
-35
-94
-55
0
0
0
980
-1012
979
0
0
970
-60
991
-47
985
994
977
0
0
969
960
998
0
950
982
970
0
0
-43
0
-1021
1000
0
990
1000
982
0
974
958
0
0
999
993
998
0
0
984
968
0
1000
0
1000
986
969
984
966
989
961
-1012
0
997
993
0
988
0
973
963
953
-1011
0
0
0
964
971
983
0
988
999
989
985
987
962
963
0
973
-1031
-46
950
0
957
0
978
988
967
975
-1023
0
0
969
0
971
973
992
940
0
993
0
963
0
-113
991
-35
0
-43
981
0
978
-1012
0
-46
963
994
979
0
968
978
0
987
-50
992
978
0
0
969
0
0
977
957
975
974
992
0
0
975
969
975
0
0
0
961
961
-32
980
0
994
1000
990
974
-35
993
0
997
0
0
945
-66
0
-38
-61
993
0
966
970
945
999
1000
974
-61
1000
979
972
964
0
1000
998
957
0
1000
0
999
974
0
982
925
985
964
926
996
975
992
0
970
988
0
953
974
999
978
992
989
0
971
0
983
-43
1000
-1011
-47
0
989
0
998
950
-43
992
996
998
997
969
976
-72
0
1000
944
-55
999
994
988
972
974
0
949
969
978
995
967
-1022
979
-41
0
984
0
-70
961
969
966
997
0
962
969
961
987
980
959
1000
0
979
0
1000
0
0
997
0
0
0
964
0
-50
0
933
0
1000
972
0
0
0
-54
-48
-39
0
997
987
967
989
0
966
970
1000
981
993
0
998
982
-43
1000
0
972
962
1000
996
982
974
963
0
1000
983
980
991
987
943
-41
-1013
1000
-38
1000
994
998
-47
972
992
-44
974
960
994
983
977
1000
992
1000
0
987
992
-1040
-43
1000
0
975
1000
948
0
1000
1000
928
998
1000
985
1000
0
0
964
-41
990
0
-39
964
965
968
992
983
998
957
998
-98
964
-43
0
0
994
982
-56
961
981
0
981
0
0
0
977
0
985
-37
968
976
999
997
0
994
985
993
-39
983
993
-65
975
0
-104
0
983
0
989
1000
957
-32
963
996
0
967
-43
969
980
-1011
-1011
989
0
976
-35
971
988
967
0
975
969
972
974
1000
982
0
984
0
0
955
987
971
998
-41
0
976
975
-43
-60
964
-83
972
986
947
988
988
0
968
-55
982
968
1000
983
988
983
969
980
989
973
0
973
993
986
1000
-99
990
0
0
990
0
971
980
987
979
966
979
987
987
0
987
-79
1000
986
1000
-53
0
1000
980
988
993
-1011
0
-40
1000
0
0
916
-1041
1000
965
-1021
-99
989
995
999
970
973
0
0
990
971
-72
969
0
997
952
-127
998
-35
969
996
997
997
0
998
977
988
995
967
939
980
0
991
0
935
963
953
978
0
980
1000
978
971
943
0
968
980
-35
995
999
-53
970
977
1000
969
0
998
978
1000
1000
0
0
987
967
1000
981
990
991
983
968
994
958
955
0
999
973
964
956
984
-59
0
-55
993
0
-36
-32
960
977
983
0
964
992
934
0
972
985
989
-46
991
972
959
970
978
0
-120
-32
0
936
1000
0
994
994
998
0
0
-1013
977
-43
977
-78
964
992
993
0
-61
998
0
962
991
-42
0
999
0
992
984
972
988
962
0
-40
0
998
0
969
0
962
0
1000
-38
-38
952
1000
957
1000
981
1000
0
989
969
0
0
0
998
0
1000
1000
995
999
0
968
-39
955
984
0
0
995
999
-59
-59
967
984
957
0
-1021
956
978
998
1000
980
-40
969
-38
1000
948
0
0
1000
-56
998
997
969
0
0
-84
0
966
999
0
967
1000
1000
0
969
0
0
0
990
973
999
0
976
970
0
-1012
974
963
1000
950
0
999
982
973
976
0
967
978
999
971
976
0
938
0
975
1000
995
988
-37
-66
1000
997
-47
1000
969
998
960
965
-1012
-105
0
994
0
988
0
969
967
994
973
961
-40
987
985
1000
0
967
0
1000
-35
969
993
946
-37
992
-65
998
969
0
1000
-115
1000
0
984
0
0
986
978
992
977
0
-35
992
958
998
0
0
-58
979
998
959
980
940
988
956
989
0
0
0
0
0
994
-1013
964
973
961
959
0
952
974
1000
0
978
0
0
956
-32
998
988
957
966
-32
999
970
0
-65
0
991
969
978
-1022
981
969
971
982
958
987
975
0
0
-36
0
976
0
1000
0
-60
0
0
-32
0
989
1000
979
0
-35
-131
964
1000
1000
987
977
948
975
979
958
975
994
993
0
0
997
969
993
976
0
971
980
999
981
0
989
0
1000
0
977
927
0
0
998
0
988
986
0
998
-37
987
961
991
963
-97
0
989
987
979
978
998
963
0
987
0
978
999
975
963
955
984
0
991
-54
-32
0
994
0
0
955
999
0
0
981
988
0
993
1000
979
988
0
992
-1013
962
0
928
988
-65
0
984
971
959
974
986
976
992
990
967
-44
987
0
0
976
970
0
0
0
0
999
0
-35
971
998
998
998
976
974
970
950
964
982
0
971
0
993
1000
988
983
973
0
982
991
0
0
997
975
0
980
0
1000
988
0
986
969
-1022
972
985
992
997
-1013
-49
984
0
1000
0
924
979
0
-49
975
986
974
-56
971
997
-1012
-1012
0
-40
0
974
-1024
1000
973
1000
978
983
991
988
989
969
0
0
993
977
937
-35
973
0
0
-54
983
971
968
980
-65
969
973
980
958
0
960
1000
0
992
964
-1012
1000
988
-54
0
960
955
986
-41
968
970
-132
977
979
993
-51
0
999
989
0
0
0
0
998
0
-32
960
968
958
0
955
998
960
978
992
958
0
-118
0
0
0
-36
995
980
0
0
975
958
998
987
980
998
0
0
1000
0
0
1000
-40
-38
998
-43
0
0
0
948
965
967
980
0
971
0
982
-1012
977
980
986
-1012
0
999
-36
992
0
986
991
0
967
969
996
1000
0
988
962
965
-61
978
-55
-35
994
968
969
0
966
0
943
0
0
-49
992
972
-32
-46
-42
0
0
-40
1000
0
0
991
0
972
1000
1000
978
0
999
971
949
0
981
976
998
0
965
954
0
0
998
992
0
963
970
0
-43
977
984
0
972
0
0
0
995
0
0
969
0
996
0
1000
985
969
998
976
999
976
955
974
-1013
991
975
0
987
0
951
-35
1000
973
0
996
998
0
965
956
-48
993
993
993
-41
999
0
931
997
957
994
1000
0
996
998
0
988
988
-1012
1000
0
1000
985
978
953
963
974
992
0
0
994
965
1000
989
0
965
0
958
998
0
968
0
963
-1012
976
998
979
997
-57
0
970
0
986
-41
-34
981
-32
0
974
992
983
988
979
-56
974
0
0
971
0
-34
1000
994
994
-1013
977
996
-44
0
0
974
981
992
0
975
961
1000
969
991
982
997
-100
989
1000
-57
960
-39
-41
0
-53
982
966
-35
979
970
975
990
998
-38
-40
972
0
0
-81
977
983
964
997
-40
1000
964
974
0
988
-83
-120
997
975
998
-47
998
0
999
957
970
959
1000
974
964
954
970
993
0
0
0
0
0
-1022
0
993
-37
-43
991
0
0
0
1000
0
956
0
-1012
991
961
-42
0
958
0
964
977
984
980
975
0
987
0
0
949
973
998
0
994
961
988
943
993
0
970
0
-45
971
1000
0
983
1000
966
995
0
964
993
999
-47
0
-83
-65
998
-43
989
957
998
-1011
-58
0
0
926
1000
1000
0
993
0
926
0
989
980
979
957
1000
993
979
975
-120
968
-65
-48
954
998
0
977
957
985
992
976
969
958
-1011
-48
1000
987
975
991
991
-35
0
0
0
993
0
970
999
0
989
1000
-1012
993
988
0
959
990
0
974
-43
973
1000
948
0
972
975
998
0
1000
976
984
1000
983
977
0
976
994
0
988
999
-36
0
1000
0
-54
950
0
0
954
0
0
0
-49
979
-38
-54
963
-1031
963
0
997
0
0
935
0
-119
973
0
967
-1032
979
966
988
993
991
959
970
0
961
977
0
966
970
0
-42
987
996
0
984
-80
998
998
-65
0
-34
1000
984
975
0
992
0
-50
0
-32
0
0
999
0
1000
0
998
1000
970
-38
975
971
0
990
-1021
969
986
989
0
0
970
998
0
955
985
985
0
-46
1000
999
983
-39
988
1000
977
998
993
967
980
973
971
994
949
-105
965
0
0
993
988
993
-40
0
0
0
972
-1011
0
0
989
989
0
1000
0
0
998
0
993
0
974
964
0
996
1000
981
0
988
985
1000
0
-129
981
0
-99
999
966
989
985
952
956
0
988
0
0
0
0
0
967
-34
984
0
0
987
0
988
962
1000
952
-38
988
0
998
968
-110
968
984
0
997
0
980
-32
974
971
-36
949
0
987
997
971
0
0
998
980
-62
999
994
999
-36
0
967
-35
999
981
973
0
991
-50
982
-36
968
987
965
964
969
974
988
-45
982
981
991
976
0
0
983
0
980
973
968
-69
-98
970
998
989
1000
-50
0
943
0
945
973
1000
1000
1000
983
978
977
987
991
-109
972
0
985
0
974
0
977
1000
941
0
-54
988
998
-68
989
974
0
951
-1011
968
0
981
998
0
0
955
0
0
964
0
-74
993
973
-38
967
989
981
994
967
0
-43
0
972
964
0
-40
968
972
0
969
966
982
-41
-39
-99
-45
975
979
0
1000
0
-1012
0
-52
0
988
997
-103
991
958
989
993
-1011
-1036
987
976
0
0
0
988
997
-55
992
0
977
985
1000
979
-96
991
967
999
988
0
0
-1022
-37
-1021
978
-50
0
980
0
-41
962
-1021
-1026
0
985
974
990
0
970
961
958
1000
967
-49
987
980
0
961
-41
986
999
997
910
0
977
0
977
994
994
982
-1022
982
0
-46
979
-1012
982
950
1000
0
0
978
998
0
969
1000
0
0
985
985
0
-1011
934
0
996
970
1000
958
-34
-1012
989
975
987
963
978
995
0
-53
998
0
0
0
0
-44
990
0
-136
-1012
964
990
-91
0
0
993
0
998
975
953
966
984
1000
1000
0
-35
0
989
990
993
-65
966
976
0
998
987
0
0
0
-1036
0
1000
975
979
0
979
0
-118
984
975
974
0
-1041
992
0
0
1000
0
997
988
0
966
981
-49
0
0
971
-43
-41
987
979
997
-62
-48
968
973
967
989
982
0
970
1000
988
0
994
-38
0
988
988
992
-1040
962
964
0
-62
961
-84
0
-1012
0
966
-38
967
998
0
984
0
981
1000
971
-46
-43
934
0
0
-39
987
0
0
989
978
-1013
0
0
-32
975
968
978
1000
0
968
1000
937
0
981
974
0
0
994
0
958
0
974
0
998
963
972
999
0
962
981
965
959
-47
991
-43
0
994
0
989
973
968
968
0
999
999
0
996
0
978
966
0
-53
974
-42
960
981
993
0
943
976
971
993
960
946
976
970
969
0
0
976
964
1000
977
-100
988
0
993
0
-43
-37
0
998
0
0
988
-1011
994
966
0
974
943
987
1000
997
982
947
968
963
994
0
986
0
987
0
980
989
989
0
970
974
991
999
-45
998
959
1000
975
975
-55
959
0
-50
0
-39
992
0
1000
956
0
970
-55
959
963
959
980
959
0
957
-47
0
987
975
978
975
994
998
1000
0
1000
0
976
963
960
0
0
0
-32
967
967
974
-32
1000
976
-72
973
1000
967
958
0
0
981
997
970
999
0
0
977
0
0
970
981
0
0
-46
993
0
972
946
997
0
994
989
975
997
1000
988
996
970
993
-39
966
989
0
985
997
973
997
-32
-55
0
978
0
963
-39
0
0
974
-40
0
-35
-1049
962
999
987
980
0
964
976
1000
964
999
997
0
988
-35
0
0
0
945
965
976
1000
-1023
975
950
970
0
997
927
988
948
983
998
974
988
0
989
946
0
0
0
969
998
979
946
1000
998
0
953
-1022
0
0
958
982
0
1000
998
1000
977
999
-120
-47
991
987
999
0
983
-38
994
992
965
968
988
965
972
957
0
994
-52
988
988
-51
0
968
-100
980
983
971
984
0
993
-44
970
993
0
1000
969
967
910
0
-99
981
0
999
974
993
981
990
0
0
973
-68
999
0
964
940
951
992
-49
968
992
997
0
0
983
949
1000
992
977
991
942
957
0
990
991
0
989
997
971
981
967
976
977
980
0
0
987
0
998
998
986
0
990
987
998
961
982
995
981
1000
947
957
-46
0
1000
993
959
-52
998
974
-79
962
983
994
957
963
-45
-60
969
975
968
0
0
-47
987
0
994
-45
-1012
991
983
992
-1012
1000
967
974
958
998
-36
998
993
968
0
0
952
989
1000
0
0
973
0
968
0
983
990
997
0
0
0
976
993
995
979
998
-38
1000
983
0
988
969
955
973
0
0
-53
993
998
987
0
987
942
963
992
0
988
-64
962
-43
998
0
0
1000
964
969
1000
971
-37
969
997
973
956
0
995
973
935
995
999
972
0
975
985
1000
0
-48
-1011
957
993
0
0
988
-1037
0
978
997
994
994
-42
-1011
982
-41
-47
0
989
977
988
976
0
949
985
994
0
986
977
987
993
976
0
979
965
-103
0
0
994
-70
996
998
1000
-42
997
965
-58
974
977
974
994
0
-70
974
1000
969
942
0
982
999
0
943
972
0
998
0
998
969
0
987
976
-105
986
-34
982
954
998
966
986
0
-39
968
0
978
-1012
1000
974
972
981
998
-44
999
1000
989
0
-61
972
970
992
980
0
1000
0
947
999
-57
971
994
0
0
970
975
-100
993
0
0
992
972
998
964
981
0
988
970
0
989
0
995
0
0
-34
1000
992
974
0
998
0
986
997
998
-44
990
996
984
1000
978
-1011
961
0
998
961
976
-1030
0
947
0
1000
964
994
1000
-1022
-1011
949
991
957
0
0
990
993
0
965
968
953
0
0
-40
997
0
-60
0
1000
0
-101
0
0
968
0
965
-125
971
0
969
992
-39
968
983
0
977
988
0
976
957
966
994
0
972
980
1000
-79
961
978
-34
0
0
987
962
990
985
980
-1030
987
0
0
997
0
976
999
988
-117
981
936
0
0
988
993
977
-54
991
991
973
0
0
979
1000
998
1000
0
982
0
964
1000
0
0
951
997
993
1000
982
988
1000
980
0
-51
988
1000
978
972
984
0
-35
-50
969
959
974
975
0
999
1000
0
967
988
975
0
967
972
999
0
997
0
999
0
0
997
998
-114
971
-110
0
0
0
-40
988
-47
986
996
992
0
975
1000
-38
969
1000
0
1000
0
966
-33
978
989
0
955
1000
0
969
975
-33
1000
0
973
992
962
-1022
-113
0
997
975
975
0
997
-1030
0
960
-1026
-45
0
998
0
994
-38
999
969
1000
980
966
989
-49
951
963
1000
990
0
973
0
0
-66
-57
997
962
977
978
-46
994
0
0
0
-1031
998
989
948
998
990
965
977
979
973
972
980
0
0
-35
-49
943
979
980
970
996
0
-50
-38
971
998
-38
991
971
996
958
994
0
0
-50
0
954
0
-41
998
961
975
964
959
0
0
998
942
0
0
977
964
998
-1012
992
959
987
989
-1012
960
0
969
0
954
946
998
-52
0
998
-46
986
0
-63
998
1000
986
0
970
984
977
995
992
997
974
977
0
979
0
0
970
989
0
0
0
0
939
0
985
985
982
966
963
0
0
994
963
993
0
987
993
998
998
-59
956
945
-42
986
0
998
976
980
984
-81
978
0
994
0
997
-32
968
989
999
997
-1013
0
-1013
0
987
1000
976
921
0
951
979
965
-34
990
987
980
0
-1023
-34
993
-1036
988
0
982
973
999
975
0
948
0
974
970
984
0
0
980
992
964
0
972
-45
0
973
1000
963
0
997
0
968
0
-113
0
0
0
-1022
981
-130
984
1000
967
-130
986
987
0
0
0
0
961
-32
958
0
992
974
1000
984
1000
0
0
0
0
0
997
971
973
968
979
979
0
0
973
1000
973
966
962
0
984
959
967
974
0
983
0
0
954
0
0
0
973
0
-37
0
0
952
-48
0
998
960
-80
-96
-35
959
957
-89
993
988
978
951
940
958
988
0
994
962
983
0
994
0
970
0
0
-59
0
983
1000
0
957
990
1000
985
-110
969
1000
989
988
-43
971
0
997
992
0
-44
987
959
998
973
975
0
983
969
952
0
1000
978
968
998
-33
-35
1000
976
0
968
971
973
1000
974
965
1000
996
981
0
977
-32
997
998
974
0
-54
977
0
0
973
0
993
982
998
950
0
999
0
971
-43
975
0
981
961
0
-1011
-32
0
0
969
976
989
-1022
0
1000
0
-65
0
990
997
969
968
998
951
-47
968
952
1000
0
0
993
0
-38
994
0
998
0
-1031
996
0
990
0
982
954
0
964
1000
990
967
0
998
981
0
0
999
964
998
-49
0
989
961
975
0
959
-46
-1011
-1013
0
995
1000
0
993
986
0
-41
938
-1031
998
1000
959
1000
984
-35
996
-110
0
986
998
999
993
976
973
960
-35
974
981
987
0
969
949
958
998
961
931
998
0
-33
0
976
1000
976
-42
989
998
978
974
-141
-48
-1021
0
0
977
0
977
975
965
969
972
-39
0
-45
945
1000
987
992
983
982
980
969
-1026
0
998
970
0
0
994
995
1000
968
0
0
999
978
-76
994
980
998
971
979
0
1000
971
0
998
987
990
988
-35
0
985
988
971
0
-43
1000
989
966
-1040
0
965
994
980
984
992
974
980
0
0
999
-1023
967
997
0
992
979
963
0
0
1000
991
978
0
972
994
0
1000
0
985
967
0
975
-32
974
982
993
973
999
978
-96
1000
1000
0
981
987
-82
-102
1000
962
974
988
0
966
967
984
0
954
988
1000
988
0
972
967
-65
998
992
993
981
993
1000
-57
-106
979
0
963
980
0
976
955
976
964
1000
988
973
1000
984
954
1000
0
0
979
977
964
998
998
993
0
0
-1012
987
956
987
0
996
0
0
998
977
0
0
987
0
966
-50
1000
962
0
965
980
1000
-39
0
0
0
994
971
964
0
0
974
1000
997
-55
1000
-48
985
-1022
-43
0
972
981
969
954
1000
-55
965
977
0
969
975
993
0
0
0
1000
-62
0
0
-134
0
986
969
979
981
1000
997
1000
997
-55
988
0
-34
-1012
969
1000
1000
-57
1000
958
994
0
988
986
973
961
976
978
-54
958
967
936
-50
968
976
0
991
1000
0
978
0
0
962
983
0
986
-43
-54
978
-49
0
999
988
976
0
975
969
968
0
987
976
0
970
0
971
0
0
0
957
970
0
951
1000
0
954
976
0
-45
972
996
959
971
-122
0
0
-54
973
-1013
0
974
0
-43
-1031
962
984
957
982
0
977
0
0
1000
947
997
-52
0
-71
998
0
0
1000
966
0
-1011
-50
973
998
907
-55
0
-1032
0
986
997
-38
924
969
0
968
986
-1026
0
967
991
955
965
959
0
966
0
0
1000
968
982
972
998
0
981
0
0
1000
970
999
0
0
985
998
-55
966
0
943
1000
-99
968
993
982
-1011
0
0
962
0
-82
1000
976
0
0
961
958
0
-59
0
972
967
997
983
0
978
987
961
980
1000
0
974
987
-1013
1000
0
998
1000
984
0
0
966
973
-37
1000
974
0
979
984
992
1000
996
990
0
989
993
-35
991
0
0
976
978
972
979
997
978
983
981
991
999
971
972
988
968
979
944
990
965
999
0
987
993
0
997
993
0
979
988
0
0
975
0
-97
-1012
974
0
-42
0
984
957
988
969
0
0
0
-48
988
1000
985
0
-35
-1011
965
-79
988
1000
1000
-35
969
0
0
-48
971
998
959
998
-65
994
991
0
986
969
959
973
-82
970
971
0
1000
962
972
992
1000
0
965
-1041
987
951
973
999
1000
-1013
997
1000
990
0
969
1000
-101
0
991
972
998
0
0
979
0
0
985
985
972
996
997
0
959
0
934
964
966
958
995
-46
972
-42
-36
-93
998
961
965
0
991
983
0
1000
992
0
969
0
949
0
969
985
988
994
983
929
0
998
1000
0
988
994
972
-1023
1000
1000
981
975
978
977
989
994
986
-44
1000
988
978
973
963
940
0
972
987
0
967
-43
971
0
0
0
0
992
969
999
968
931
0
976
0
920
993
990
1000
980
952
0
1000
979
960
985
-29
1000
0
969
984
-58
964
0
999
-76
-35
0
998
0
964
978
997
987
931
983
0
0
938
976
-47
992
970
978
993
962
963
973
0
998
952
-57
938
976
0
974
965
983
1000
0
995
0
973
986
992
989
981
961
978
993
956
993
979
0
984
1000
-120
-35
983
980
0
-62
995
991
-54
0
0
0
-39
969
0
998
-56
998
968
0
998
1000
-64
0
993
975
0
0
0
992
970
967
0
997
0
0
-1022
968
-34
-51
963
0
967
990
996
0
977
0
0
0
959
989
985
1000
-1013
-89
993
0
992
994
972
0
-32
968
0
998
964
984
974
970
969
972
0
1000
997
-31
-99
971
0
968
966
994
998
964
972
998
0
0
-99
0
-99
997
968
967
997
0
967
0
981
979
-1041
0
960
973
970
1000
976
976
0
961
990
0
988
980
936
971
940
0
0
998
982
0
0
999
988
-61
974
984
985
993
992
954
973
0
1000
0
991
959
0
990
1000
974
1000
998
995
1000
975
984
0
972
0
987
0
0
966
0
946
0
-114
987
-66
0
0
968
0
990
991
-1022
982
992
964
998
966
1000
0
0
951
996
953
1000
-1036
-39
994
998
979
0
995
957
0
980
0
0
0
961
990
1000
0
998
998
962
-85
0
0
-106
993
967
1000
971
971
953
0
998
0
0
983
1000
-41
973
0
0
987
960
985
995
998
994
984
986
-61
961
1000
963
1000
1000
0
1000
1000
984
971
968
985
998
1000
-69
998
0
994
1000
-36
959
0
937
1000
993
0
1000
989
964
0
-32
997
998
970
969
956
959
-1012
962
976
983
-38
994
958
0
989
991
1000
962
962
999
992
983
986
0
951
969
1000
-74
0
0
-40
973
-89
961
0
978
-68
974
962
970
987
-100
0
974
988
993
969
0
965
0
-44
975
0
964
-68
969
980
998
0
978
0
951
973
974
997
1000
-95
-44
-131
-119
998
-55
997
944
1000
0
-32
972
983
0
-39
0
0
0
993
979
992
967
0
0
979
996
992
0
998
967
996
998
992
965
-53
0
965
1000
952
0
0
1000
968
-65
999
-59
992
-62
984
0
963
972
0
1000
995
985
-31
-124
0
-48
992
999
0
0
978
958
975
0
944
989
988
970
977
0
1000
0
0
-55
0
966
0
-100
959
0
971
962
961
965
963
957
-1012
0
984
997
0
1000
0
934
0
945
0
970
999
0
-126
967
998
984
0
975
0
-43
994
0
-124
970
987
0
0
0
956
997
954
980
0
0
975
0
-55
-37
968
0
944
0
-37
987
-1036
998
976
0
988
0
981
984
-42
-35
998
992
1000
-37
981
0
0
966
955
1000
972
993
-36
992
0
985
959
998
984
982
0
0
974
989
965
974
997
973
946
974
981
966
950
978
967
0
0
992
993
0
998
998
980
0
0
969
0
-40
0
959
-1049
962
994
0
1000
0
989
0
-45
978
977
975
970
0
991
983
0
981
985
0
1000
0
-32
993
994
998
997
999
1000
974
988
1000
0
996
982
0
-59
956
978
963
979
-1022
955
978
970
987
0
-83
1000
973
-1041
-43
0
984
998
0
-43
984
994
0
967
982
1000
0
0
0
990
0
987
0
0
989
1000
972
1000
963
-41
991
969
-1012
968
0
0
966
996
0
0
-1031
973
954
-1032
976
-57
998
0
996
977
0
0
982
969
977
-35
0
974
0
970
965
-59
983
1000
954
993
0
989
959
-32
969
968
988
-38
0
0
958
951
0
0
978
0
999
993
992
-68
1000
947
-1023
0
0
974
1000
971
0
993
-1012
960
974
981
962
0
972
0
999
0
967
969
0
0
978
984
981
974
975
-38
-51
-35
996
992
-88
973
988
995
994
0
-121
1000
0
0
0
998
997
996
0
-52
0
976
993
0
982
988
993
981
963
1000
-40
0
978
0
0
0
979
0
997
959
0
0
952
-54
989
969
0
0
983
0
990
973
985
959
0
987
-1012
-81
1000
-44
950
988
968
-1011
1000
966
0
989
964
0
978
968
1000
0
961
990
1000
966
1000
997
0
964
982
0
976
977
983
971
0
0
999
1000
967
-41
982
971
-1026
977
0
980
939
974
969
0
999
963
-100
0
938
968
980
961
0
0
967
983
0
-35
958
965
994
0
997
999
991
0
1000
945
988
988
-45
0
-1036
972
966
0
0
1000
0
991
-39
1000
-30
0
1000
965
979
0
980
971
-1012
967
975
955
0
990
983
967
1000
978
956
-131
972
999
1000
987
990
-38
979
0
969
969
0
-1012
-120
966
1000
990
-54
973
1000
958
967
0
977
-1013
0
979
0
958
992
-42
0
953
987
0
995
963
999
998
966
979
967
1000
970
997
-1012
1000
0
963
0
998
933
0
974
1000
999
-32
998
-33
0
0
1000
0
983
987
0
-37
954
0
-45
0
996
0
910
0
-94
1000
0
988
963
981
-65
979
-33
1000
1000
-42
-37
0
971
996
969
990
997
-44
-52
998
0
984
0
-35
1000
0
0
983
-117
968
1000
968
0
958
0
978
967
991
988
971
0
970
997
987
-1011
976
-37
975
987
953
973
998
0
-59
0
0
0
999
994
0
-1011
0
972
0
966
0
998
-1031
977
987
970
-55
977
977
0
1000
978
0
1000
975
985
992
974
994
993
989
967
1000
-47
980
966
989
978
922
997
-46
924
991
1000
994
0
0
969
992
-57
976
978
949
985
0
0
991
-35
991
987
-36
-57
0
987
999
-1021
0
950
974
993
934
995
-38
992
964
-37
976
0
974
-58
999
991
0
974
0
0
954
998
968
949
-44
1000
0
0
0
0
975
962
983
-58
0
981
989
0
0
990
977
-49
978
0
0
996
984
978
977
1000
1000
1000
987
955
997
0
0
999
972
1000
0
987
-100
0
976
965
969
1000
964
983
956
986
975
-39
973
0
0
0
0
-47
992
-75
971
0
-71
984
988
-37
-83
992
992
0
0
1000
0
0
971
-94
965
0
-79
983
968
988
949
0
993
1000
973
965
0
978
0
999
0
0
0
0
962
999
996
1000
-1022
0
-38
989
-35
964
977
991
0
0
0
993
1000
978
0
0
969
0
-42
-1012
972
0
978
-29
0
-35
966
971
978
0
981
0
943
988
977
975
-1022
950
0
965
-1036
0
965
978
986
999
977
980
-1037
-38
999
0
1000
1000
-124
1000
972
999
-61
972
1000
993
998
-42
993
970
0
979
964
-45
970
-78
998
0
1000
963
0
998
991
0
0
993
0
0
0
987
0
998
968
996
982
0
984
999
0
0
993
984
0
990
986
965
1000
966
969
984
0
988
0
0
-61
989
1000
964
954
957
989
999
988
-33
987
0
0
975
969
0
1000
-1023
970
980
974
0
977
989
995
-32
0
0
1000
0
-1021
-1012
-32
996
993
964
-48
965
979
992
977
990
998
985
983
988
1000
-35
0
990
988
-82
974
0
940
0
969
1000
979
0
949
-65
-39
996
982
969
998
991
963
-51
0
-1011
0
956
948
976
993
976
0
0
991
969
985
-1021
0
994
988
0
989
-32
988
985
-77
966
966
-43
0
976
0
951
-119
0
970
983
973
991
-36
996
968
0
1000
0
980
982
975
-56
0
971
0
-58
974
0
993
994
0
968
994
-1026
-61
0
975
971
972
0
959
-74
0
-1041
1000
0
-32
973
-61
960
0
0
-115
988
0
0
-63
981
984
984
950
960
994
-55
0
981
980
957
968
0
0
976
1000
0
977
973
0
0
0
950
990
974
979
0
0
987
979
964
-1012
957
0
965
996
1000
-38
988
971
0
964
0
965
980
979
0
-55
0
990
-51
1000
0
969
999
999
978
958
954
989
967
987
-57
0
1000
959
-46
980
0
983
965
977
998
0
-61
999
988
975
979
999
988
0
987
972
923
998
986
0
-37
974
0
0
984
988
-1030
1000
0
906
1000
-52
987
1000
0
957
0
0
968
0
-55
0
0
0
1000
999
987
965
972
-1012
960
989
0
999
977
986
994
0
998
991
-1012
0
965
975
0
0
0
999
-43
967
968
1000
973
0
0
981
997
0
-57
0
987
993
976
997
989
0
0
0
943
0
993
988
-35
0
-39
0
952
1000
999
-1011
987
1000
979
969
993
991
994
0
-65
-38
0
-39
973
998
-37
-74
979
993
-1011
986
1000
955
-55
-38
978
1000
-35
990
0
0
0
967
0
0
972
998
1000
964
988
963
983
976
983
1000
0
997
960
0
999
0
948
998
967
-34
1000
0
-38
1000
947
965
0
1000
998
0
995
1000
972
950
0
-1011
-58
973
969
0
973
987
972
997
0
989
0
994
1000
0
982
0
973
973
973
970
-46
969
998
0
0
-44
0
-78
0
978
967
1000
978
968
0
976
-32
990
966
0
-37
0
0
967
1000
983
1000
968
1000
998
992
914
998
0
965
936
-40
0
961
991
0
993
1000
0
975
980
981
981
0
964
970
964
-42
959
-100
978
976
-43
985
959
0
-102
0
987
996
990
967
981
985
1000
962
993
-36
978
996
-103
987
0
0
0
0
0
0
-1011
0
0
999
0
974
965
-124
967
0
0
0
989
-138
988
-37
982
-125
0
-43
0
-1012
972
999
0
999
0
971
995
986
-32
998
1000
0
0
964
0
988
0
0
1000
-35
-44
-1021
0
-1011
-48
985
971
0
997
998
0
976
988
1000
1000
998
-61
0
1000
1000
998
-97
977
0
1000
958
998
1000
987
-39
993
977
-61
-39
997
1000
970
-38
1000
0
0
0
978
991
999
974
994
978
0
0
998
1000
972
999
0
-48
-83
-32
0
0
0
-55
-35
997
969
965
972
999
-1021
987
1000
936
-42
998
0
0
0
-62
967
0
967
972
992
-33
-37
1000
0
964
0
1000
0
0
0
993
975
-1013
0
0
-1012
0
-1012
971
940
-47
998
964
0
1000
0
1000
972
0
-119
0
971
1000
994
-99
959
0
0
980
-60
-35
976
1000
985
964
998
-65
997
983
1000
980
-1012
0
978
964
999
0
0
1000
998
-81
953
0
969
0
0
0
1000
0
0
0
964
977
990
998
972
1000
1000
-36
0
996
978
0
-35
-35
1000
997
999
0
969
981
980
996
956
954
962
1000
972
0
977
978
987
969
0
989
0
961
0
965
970
975
951
1000
0
947
-1022
956
0
972
0
0
0
974
990
0
0
-46
950
-32
977
971
-1031
0
-91
987
983
993
967
0
0
999
993
0
981
973
992
979
972
993
991
977
-57
968
965
988
978
968
0
965
0
0
-38
992
948
984
1000
1000
1000
0
971
989
977
0
993
-109
969
0
1000
0
0
1000
0
0
998
-43
998
980
0
-43
998
0
0
0
998
-82
997
986
994
0
0
967
0
991
981
989
964
970
0
981
0
986
0
999
998
0
0
998
-32
0
1000
985
969
-61
986
0
0
998
988
990
972
996
0
997
-1011
964
1000
-35
998
999
-37
1000
995
981
963
992
966
993
984
999
-47
998
983
996
997
971
987
1000
965
1000
0
-44
-1012
0
-1012
0
968
0
0
0
994
-36
-1026
0
0
972
-1036
-41
-44
-74
953
948
964
0
-37
0
990
0
0
990
1000
0
966
1000
976
1000
973
967
994
0
-40
969
993
994
975
-84
0
-1038
-35
1000
988
1000
997
988
1000
991
997
0
978
1000
951
928
999
-43
-44
0
965
1000
995
969
-42
970
992
0
975
0
998
961
0
1000
0
971
0
990
972
988
960
0
998
957
974
-99
987
985
961
0
951
968
992
0
-37
974
954
998
977
-1023
-55
954
0
962
0
982
992
977
-98
975
0
1000
998
0
998
968
997
987
0
0
0
0
-55
983
-58
0
-99
998
0
0
999
978
997
0
-34
-1022
0
-1031
0
1000
989
-68
0
958
1000
1000
0
0
918
0
984
1000
972
999
950
-35
0
997
1000
989
983
996
0
961
0
975
-102
-55
968
974
-1012
996
-67
998
956
0
998
999
-37
989
0
1000
998
-1011
967
1000
0
993
983
964
970
0
0
0
949
0
972
0
997
973
961
999
957
0
-35
981
958
963
957
926
961
-1023
991
973
967
979
988
0
0
1000
993
0
973
1000
967
978
-66
0
0
963
1000
961
992
0
1000
992
972
992
966
961
972
0
983
987
1000
0
979
989
998
-58
-35
-52
0
991
973
-71
0
0
999
0
984
-1035
-35
0
1000
984
-99
997
997
976
967
999
0
991
-44
987
949
999
0
983
997
985
1000
979
-1031
-106
0
0
0
0
998
0
0
983
0
975
972
971
0
992
998
991
1000
968
0
993
-83
-38
977
988
968
0
0
-36
981
963
0
0
975
1000
0
-1032
993
-47
0
-32
0
979
959
0
968
-38
1000
0
983
0
0
973
-43
968
1000
0
1000
973
984
-38
997
-1012
988
999
-32
-51
-124
-58
995
0
-40
986
0
992
979
958
0
970
0
983
999
966
993
960
968
992
987
950
-55
977
969
988
-32
-100
-1022
966
1000
0
997
968
920
978
951
-44
0
931
947
996
1000
972
-36
998
999
999
992
982
0
0
998
0
-56
979
992
991
956
0
959
0
954
977
-53
0
0
973
961
-44
991
0
1000
0
993
0
-131
0
982
-45
951
994
968
-32
973
960
999
-54
-37
1000
974
0
992
972
0
991
1000
0
981
926
0
0
988
983
-36
1000
997
993
1000
967
0
-1031
999
1000
987
-1013
-113
988
970
-132
971
0
0
993
994
0
990
0
0
0
0
957
966
977
962
992
-31
998
0
-35
973
0
0
0
989
992
998
0
974
959
0
972
965
983
-51
974
994
964
981
-37
1000
-103
997
0
0
958
1000
0
980
994
1000
972
-67
980
0
0
939
986
976
967
993
-42
989
962
0
0
972
988
0
988
979
-65
969
0
-48
0
0
-1011
0
0
961
970
993
0
993
984
993
966
985
974
974
0
998
982
940
970
988
0
0
984
949
964
980
-45
977
-36
949
-40
994
942
971
988
-46
974
0
0
0
983
1000
-1013
0
0
-1011
973
987
0
-71
0
0
0
0
-119
949
0
0
0
0
1000
0
0
0
957
1000
0
979
0
950
1000
969
1000
975
0
976
997
990
962
0
0
0
992
1000
969
987
0
992
967
994
966
979
986
992
981
-35
995
995
-91
968
0
976
1000
-36
0
966
969
0
0
0
993
-36
0
990
959
0
955
972
989
-1022
980
-40
0
969
0
-1038
956
-41
980
976
0
969
978
0
993
954
998
966
965
974
0
980
-1012
0
1000
1000
0
-49
956
1000
944
968
991
-41
952
0
978
1000
990
0
1000
-100
961
959
0
0
0
999
992
966
963
0
996
985
996
973
973
0
-45
0
950
0
969
999
0
988
0
-37
1000
-43
997
-37
0
-38
0
992
-1013
0
949
0
990
0
-55
966
-37
973
978
0
955
977
988
-1011
-105
-37
-101
971
978
1000
968
977
-52
0
994
976
972
997
977
965
968
1000
958
-53
998
976
999
0
-35
982
0
-43
987
0
970
953
1000
959
-48
928
997
983
968
973
998
-47
0
0
992
1000
0
1000
997
-51
0
971
998
989
992
0
999
-1041
994
988
987
998
998
984
0
-37
-35
0
968
974
999
974
0
0
0
997
0
951
967
976
0
1000
-32
947
0
972
-62
0
974
983
974
994
984
0
980
965
975
-43
1000
985
1000
-56
-32
975
980
979
-1023
979
974
968
959
0
983
-46
-44
-50
1000
0
971
997
963
999
-84
992
973
0
998
-32
968
975
0
0
978
-49
976
0
-40
992
965
983
1000
-123
-38
1000
998
988
974
961
974
959
992
0
-32
0
967
967
-32
992
0
976
968
970
-50
987
0
958
971
0
0
1000
0
993
987
993
989
999
-1011
0
996
-35
1000
992
999
964
994
977
992
973
-35
992
964
-43
-35
998
993
966
0
-53
0
1000
-57
968
984
982
988
0
0
0
0
1000
-1012
0
973
0
998
998
991
0
966
991
-32
999
0
953
1000
987
968
976
987
0
998
-1012
1000
965
987
976
960
952
1000
-55
986
977
998
-1011
959
992
0
997
993
0
971
0
0
0
946
0
1000
-42
-38
980
-56
0
950
998
973
0
951
-1013
974
976
970
966
987
982
974
0
-111
0
0
996
1000
994
994
-44
0
0
972
-1012
-62
958
970
980
1000
0
998
0
-35
962
-39
-115
-41
998
-46
0
-62
963
982
987
0
967
998
995
1000
0
0
-47
970
1000
0
953
974
993
-1031
973
975
0
0
0
-1012
1000
991
0
1000
974
970
978
1000
-1011
-37
-29
981
1000
0
998
966
0
959
951
990
998
0
-83
-40
978
967
962
0
983
0
0
964
0
0
979
0
0
998
993
980
988
972
-44
967
0
0
974
998
991
0
0
-38
-1030
-52
-40
973
0
992
972
994
970
988
969
982
999
0
987
973
974
967
987
967
1000
988
973
0
-37
0
959
0
969
967
989
962
973
969
990
992
0
963
1000
0
972
1000
973
998
975
971
979
945
0
980
972
972
975
978
970
0
0
-1022
988
-1021
981
0
978
0
-44
959
0
-83
1000
0
974
0
1000
0
970
0
1000
983
985
985
994
1000
975
957
959
0
998
1000
998
0
940
992
0
985
0
0
1000
982
-1012
978
990
965
-42
0
975
0
999
-1012
0
-113
983
986
975
973
0
-83
969
982
981
988
-44
1000
1000
-55
0
997
966
974
1000
975
1000
992
0
-37
991
945
957
-38
982
973
-35
999
-34
970
982
0
-1011
987
0
987
993
0
0
984
0
987
-57
969
979
987
966
0
994
998
0
977
976
0
925
993
0
999
966
1000
-92
1000
988
1000
0
982
970
994
998
970
0
960
0
0
960
1000
955
0
971
0
974
965
0
998
0
992
-46
978
0
975
993
1000
976
970
-40
-43
0
980
-135
979
981
0
0
976
990
-1011
978
0
955
968
-50
979
960
994
0
0
994
0
975
0
-36
0
0
964
982
945
966
944
1000
0
961
966
978
-36
976
-1011
962
1000
975
986
986
0
0
0
983
952
0
0
0
994
-1011
0
0
0
0
943
-81
0
982
970
1000
-35
0
933
993
958
-1012
-49
975
963
0
954
-1012
997
998
987
-35
955
974
992
968
-50
983
996
962
0
-1011
0
959
0
964
-94
0
997
950
999
0
999
998
0
-38
0
970
-36
1000
1000
977
-1012
999
998
997
0
1000
999
0
992
0
0
984
1000
-110
985
978
-1012
0
957
970
988
974
0
1000
999
980
0
959
974
998
937
972
0
0
964
0
0
993
999
968
983
0
972
979
969
0
0
0
968
956
958
1000
986
984
0
0
963
987
0
977
968
951
0
994
966
-39
996
976
968
-35
980
963
-53
-35
971
0
0
980
-58
969
0
982
996
967
980
988
0
-47
994
960
998
976
946
997
0
993
989
-100
0
-32
994
997
998
0
980
1000
992
998
0
970
983
999
974
997
990
976
-38
994
973
0
969
988
986
-32
994
0
975
981
977
972
0
978
947
-81
0
0
-39
0
983
973
0
988
967
0
992
971
988
973
0
977
967
968
0
0
976
1000
964
985
999
0
983
998
989
0
0
0
999
0
0
0
998
976
1000
968
0
1000
988
0
1000
982
970
959
0
982
964
1000
976
0
1000
977
973
0
-124
970
977
998
976
949
990
999
0
958
945
957
0
-1013
975
0
0
0
0
944
0
998
0
0
0
1000
976
-55
980
-110
981
979
952
976
996
975
976
970
956
998
998
997
975
984
1000
0
969
985
968
-120
981
956
963
989
999
961
-119
-38
997
986
925
952
0
959
957
989
978
1000
987
0
971
-34
-100
-1012
0
979
998
1000
971
-92
-31
999
998
987
971
941
1000
966
1000
1000
0
0
966
-83
939
998
0
995
0
984
963
1000
954
-47
-35
1000
989
983
-39
0
978
0
0
986
-58
988
-66
978
1000
983
0
975
971
-53
996
0
0
-54
992
0
999
0
974
993
0
0
948
-55
971
0
965
988
969
-37
999
0
-37
980
951
0
966
0
-36
966
956
0
1000
979
951
0
0
966
972
998
0
972
967
0
976
-40
0
958
967
1000
0
975
993
0
988
999
1000
0
970
979
960
971
988
0
999
0
0
961
991
-1041
1000
-45
-42
988
0
970
977
0
-32
947
-1030
998
-35
982
0
989
0
-47
0
0
997
0
-37
0
0
968
970
1000
978
0
965
994
0
-42
960
956
988
952
968
992
0
-1032
1000
961
0
0
961
0
951
-1023
992
987
967
975
993
0
0
994
961
0
0
969
0
0
-45
979
960
0
1000
-35
-34
958
0
0
991
0
-41
982
1000
971
973
0
-1012
1000
-43
0
0
996
988
993
969
997
-43
957
-41
984
0
0
980
984
969
997
913
963
962
979
-32
974
0
959
993
962
951
960
1000
-35
992
-35
997
-1022
988
965
987
1000
997
0
0
998
0
973
967
978
0
-35
985
941
993
964
954
968
994
963
-72
-43
973
967
965
999
-80
972
0
0
976
978
990
987
965
969
967
952
965
990
0
982
978
0
0
0
988
979
0
-1012
-133
1000
965
0
0
974
967
0
-99
993
0
0
-44
958
964
987
1000
0
988
990
-39
964
-52
0
988
998
-1023
1000
986
0
998
0
944
967
0
0
970
-38
0
998
992
970
994
993
992
0
1000
985
0
967
974
998
-64
971
961
988
985
997
-34
965
1000
-119
973
0
0
980
971
991
998
1000
969
999
0
0
999
948
984
1000
969
0
998
958
958
984
998
981
1000
981
-40
958
0
979
-35
-43
0
980
0
959
0
-48
985
988
1000
974
963
-1011
997
978
0
0
0
968
962
0
991
988
971
-31
0
-36
989
973
-38
960
971
998
0
958
986
997
1000
0
993
965
988
0
974
-44
970
994
0
